2.694543078541755676e-02
2.205962315201759338e-03
-2.772259525954723358e-02
1.715224049985408783e-02
1.893537119030952454e-02
-1.200187765061855316e-02
-5.767730623483657837e-02
2.705163136124610901e-02
-7.412372529506683350e-02
8.273867517709732056e-02
-1.721345819532871246e-02
6.336205452680587769e-02
-7.489725947380065918e-02
-6.447205692529678345e-02
-3.650394827127456665e-02
8.511590212583541870e-02
5.567338317632675171e-02
-9.125797078013420105e-03
-1.357308309525251389e-02
3.064542636275291443e-02
-5.044475942850112915e-02
7.243272662162780762e-02
-3.871368616819381714e-02
-3.788666799664497375e-02
7.288332562893629074e-03
2.749045938253402710e-02
-3.990529477596282959e-02
-1.006027800031006336e-03
-2.826837822794914246e-02
-6.383801251649856567e-02
-3.534255921840667725e-02
-8.011396974325180054e-03
1.075690332800149918e-02
4.205537959933280945e-03
6.725624203681945801e-03
-2.320905216038227081e-02
3.585039824247360229e-02
9.110999107360839844e-02
6.772838532924652100e-02
-7.382618635892868042e-02
7.041556388139724731e-02
3.956108167767524719e-02
-6.630305945873260498e-02
-8.026625961065292358e-02
-7.819617539644241333e-02
5.837758071720600128e-03
2.805125154554843903e-02
-6.611932814121246338e-02
-2.947717346251010895e-02
-5.642550811171531677e-02
4.709402099251747131e-02
-2.417912334203720093e-02
2.786552719771862030e-02
1.411980949342250824e-02
-1.048888545483350754e-02
7.245712727308273315e-02
-1.595456525683403015e-02
2.560123987495899200e-02
2.216097526252269745e-02
-2.918373048305511475e-02
6.383880972862243652e-02
-8.434806019067764282e-02
-3.391609340906143188e-02
2.320259623229503632e-02
3.749724850058555603e-02
8.051300537772476673e-04
2.950727194547653198e-02
1.182617805898189545e-02
4.700151458382606506e-02
5.847065243870019913e-03
1.022119075059890747e-02
5.656152218580245972e-02
4.110858589410781860e-02
3.171108663082122803e-02
5.431244522333145142e-02
4.865234717726707458e-02
4.759435355663299561e-02
-4.741475731134414673e-02
7.174684107303619385e-02
-8.084882982075214386e-03
-6.177706271409988403e-02
-2.932744286954402924e-02
-7.692150026559829712e-02
-4.612069949507713318e-02
-4.081142693758010864e-02
-1.383381709456443787e-02
-4.035316780209541321e-02
-5.141299217939376831e-02
1.537738926708698273e-02
6.805816292762756348e-02
2.593232691287994385e-02
-7.839369028806686401e-02
3.169665113091468811e-02
6.020161882042884827e-02
-7.262832950800657272e-03
1.707006990909576416e-02
-7.473640143871307373e-02
2.432222478091716766e-02
-4.497990012168884277e-02
-6.688417494297027588e-02
1.821067556738853455e-02
-4.142252728343009949e-02
-3.743413835763931274e-02
2.968035452067852020e-02
5.951729789376258850e-02
1.996083185076713562e-02
-5.141958594322204590e-02
-7.876991294324398041e-03
3.467081487178802490e-02
5.552067421376705170e-03
3.821459040045738220e-02
9.706264245323836803e-04
2.701507136225700378e-02
2.915441989898681641e-03
-6.733973324298858643e-02
-2.433749102056026459e-02
9.666870348155498505e-03
8.463996648788452148e-02
7.262273132801055908e-02
-7.552314549684524536e-02
-5.000404641032218933e-02
4.751419275999069214e-02
2.448869869112968445e-02
-1.309311296790838242e-02
-7.705764845013618469e-03
4.393048956990242004e-02
-6.426617503166198730e-02
5.382929742336273193e-02
5.673194769769906998e-03
-3.072939813137054443e-02
-1.765418052673339844e-02
5.118236411362886429e-03
-1.259255781769752502e-02
-2.137051336467266083e-02
5.229814909398555756e-03
5.895669758319854736e-02
4.016836360096931458e-02
-8.221396803855895996e-02
4.686252772808074951e-02
5.465413257479667664e-02
4.874059930443763733e-02
-2.886971458792686462e-02
8.039530366659164429e-02
-3.167243557982146740e-04
-3.569041565060615540e-02
-6.395463645458221436e-02
3.787629306316375732e-02
7.790729403495788574e-02
-8.036526292562484741e-02
4.684279114007949829e-02
1.126947719603776932e-02
-1.164044719189405441e-02
2.843897044658660889e-02
4.206298291683197021e-02
-2.423981204628944397e-02
-4.603518545627593994e-02
7.961332798004150391e-02
-7.383313030004501343e-02
1.502195093780755997e-02
1.048727985471487045e-02
-3.871098905801773071e-02
8.198440074920654297e-02
5.575812235474586487e-02
7.633653283119201660e-02
-4.135378077626228333e-02
-4.741393774747848511e-02
3.728364780545234680e-02
-3.233586624264717102e-02
1.307164784520864487e-02
-5.974964797496795654e-02
5.994176492094993591e-02
-3.399688005447387695e-02
-3.396073356270790100e-02
3.442182019352912903e-02
1.944597624242305756e-02
-7.022842764854431152e-02
-6.575740128755569458e-02
-1.224605273455381393e-02
-4.120534658432006836e-02
-3.392656520009040833e-02
-2.288794517517089844e-02
-2.354839071631431580e-02
4.252135753631591797e-02
-5.186835303902626038e-02
2.145034447312355042e-02
-7.771057425998151302e-04
3.441952168941497803e-02
3.064209222793579102e-02
2.564662508666515350e-02
8.496717549860477448e-03
-3.034391067922115326e-02
3.353776782751083374e-02
-3.169769421219825745e-02
6.687398999929428101e-02
-6.962792575359344482e-02
-1.411075517535209656e-02
-3.702716529369354248e-02
-4.761338606476783752e-02
-7.076226919889450073e-02
5.315066128969192505e-02
-2.157905697822570801e-02
2.011813968420028687e-02
-5.070859566330909729e-02
2.490587532520294189e-02
-6.588097661733627319e-02
1.908747851848602295e-02
-2.645463310182094574e-02
3.833125904202461243e-02
-7.264507561922073364e-02
4.522016737610101700e-03
-7.189523428678512573e-02
2.281277254223823547e-02
4.819220304489135742e-02
2.885633334517478943e-02
2.193879801779985428e-03
4.100244026631116867e-03
-2.964855637401342392e-03
-8.586537092924118042e-03
-4.119244217872619629e-02
5.982635170221328735e-02
-2.833296172320842743e-02
-2.059882879257202148e-02
5.945071205496788025e-02
-5.539427697658538818e-02
9.341806173324584961e-03
2.332581207156181335e-02
-4.221330955624580383e-02
-5.029223859310150146e-02
5.073200166225433350e-02
-3.253172338008880615e-02
2.937927283346652985e-02
-1.629727892577648163e-02
3.170112147927284241e-02
8.665656298398971558e-02
5.743082240223884583e-02
-6.895218789577484131e-02
-2.515755034983158112e-02
-1.597842574119567871e-02
2.487476915121078491e-02
-1.319539081305265427e-02
6.583389639854431152e-02
-1.093917898833751678e-02
6.052936241030693054e-02
-6.157688423991203308e-02
-3.328379616141319275e-02
-1.899470016360282898e-02
5.152788758277893066e-02
1.049844734370708466e-02
-1.104687061160802841e-02
7.278209179639816284e-02
-2.025123126804828644e-02
3.728199377655982971e-02
-4.349142685532569885e-02
-1.950946822762489319e-02
-2.668751589953899384e-02
4.437041934579610825e-03
4.214604943990707397e-02
-6.980336457490921021e-02
4.171897098422050476e-02
-2.143443748354911804e-02
1.935863494873046875e-02
-3.463824978098273277e-03
3.275210410356521606e-02
8.496318012475967407e-02
4.234773665666580200e-02
1.716287992894649506e-02
-2.230392955243587494e-02
1.942752301692962646e-02
4.020742699503898621e-02
7.377875596284866333e-02
1.723783835768699646e-02
-2.390890195965766907e-02
-1.007822155952453613e-02
-4.188023135066032410e-02
-1.728422939777374268e-02
-6.864691525697708130e-02
5.076772719621658325e-02
1.299296785145998001e-02
-3.942236304283142090e-02
2.072309143841266632e-02
2.051875554025173187e-02
-9.023526683449745178e-03
-1.835984527133405209e-03
-3.798279538750648499e-02
2.555423602461814880e-02
-6.125003565102815628e-03
6.964979320764541626e-02
-4.859779030084609985e-02
-2.625476336106657982e-03
1.778869144618511200e-02
-1.491842698305845261e-02
-3.910429403185844421e-02
3.961887210607528687e-02
6.052668020129203796e-02
2.575003169476985931e-02
1.538922544568777084e-02
8.693680912256240845e-02
7.069153338670730591e-02
-1.158709824085235596e-02
-8.274817466735839844e-02
-3.678318113088607788e-03
3.590842708945274353e-02
-3.494400158524513245e-02
-3.702863352373242378e-03
5.983004812151193619e-03
-6.937105208635330200e-02
3.709249198436737061e-02
4.874941706657409668e-02
-6.518430076539516449e-03
2.308780141174793243e-02
-2.760091237723827362e-02
2.137907594442367554e-02
5.957117676734924316e-02
-7.182761281728744507e-02
-5.041318014264106750e-02
4.716300964355468750e-02
5.608635488897562027e-03
4.323686659336090088e-02
8.176729083061218262e-02
8.074251003563404083e-03
5.007961764931678772e-02
-3.252077102661132812e-02
4.116248711943626404e-02
5.629883334040641785e-02
5.052863061428070068e-02
1.500811241567134857e-02
5.766439810395240784e-02
5.883171036839485168e-02
-1.705581694841384888e-02
1.624499075114727020e-02
-7.677818834781646729e-02
-7.957910001277923584e-02
-6.424053758382797241e-02
5.331033840775489807e-02
1.077189110219478607e-02
-1.908232644200325012e-02
7.591218501329421997e-02
-2.235806174576282501e-02
4.396146163344383240e-02
5.914016440510749817e-02
-6.397280842065811157e-02
7.489277049899101257e-04
-3.320987150073051453e-02
2.182604372501373291e-02
3.359218686819076538e-02
-4.357100278139114380e-02
-1.286423113197088242e-02
4.588785395026206970e-02
-6.636204663664102554e-03
1.376123446971178055e-02
-6.752761453390121460e-02
-5.472431890666484833e-03
-2.253893762826919556e-02
-4.339769948273897171e-03
-4.008399695158004761e-02
-1.913392799906432629e-03
-8.220534026622772217e-02
5.669580399990081787e-02
-3.269157558679580688e-02
7.062821090221405029e-02
-2.752583660185337067e-02
-2.053743042051792145e-02
2.567622810602188110e-02
1.609661243855953217e-02
1.272501423954963684e-03
7.203727960586547852e-02
4.897810518741607666e-02
3.627268224954605103e-02
3.610518202185630798e-02
-2.367560751736164093e-02
-4.520367458462715149e-02
-2.631046995520591736e-02
2.927162498235702515e-02
-3.776360303163528442e-03
-2.749096229672431946e-02
1.442196313291788101e-02
3.768697381019592285e-02
-3.125369921326637268e-02
8.072769641876220703e-02
3.904291614890098572e-02
7.838208973407745361e-02
4.793850332498550415e-02
6.929870694875717163e-02
6.255955249071121216e-02
-5.064405966550111771e-03
-2.182966843247413635e-02
-4.312250018119812012e-02
-4.931949079036712646e-02
4.054500907659530640e-02
-5.583700165152549744e-02
3.926441073417663574e-03
-6.341880559921264648e-02
-5.804700031876564026e-02
-3.582847118377685547e-02
6.219399347901344299e-02
-7.107608020305633545e-02
-9.089349955320358276e-02
7.114317733794450760e-03
3.533340990543365479e-02
-3.930106014013290405e-02
-3.862109780311584473e-02
4.800056666135787964e-02
-2.262035571038722992e-02
2.295101806521415710e-02
6.286052521318197250e-04
-8.848294615745544434e-02
4.663867002818733454e-04
1.110847573727369308e-02
4.777115955948829651e-02
1.734316349029541016e-02
2.506755478680133820e-02
-8.253081142902374268e-02
2.136883139610290527e-02
6.777186691761016846e-02
-5.065491423010826111e-02
6.636348366737365723e-02
3.770741447806358337e-02
1.623639464378356934e-02
-5.620833486318588257e-02
-8.353055268526077271e-02
-1.731432043015956879e-02
2.863481454551219940e-02
-1.700235344469547272e-02
4.600046947598457336e-02
-1.586293801665306091e-02
1.202699076384305954e-02
-6.008371338248252869e-02
4.399573057889938354e-02
-6.300599873065948486e-02
1.385209988802671432e-02
-3.883899003267288208e-02
-4.237550497055053711e-02
3.136953338980674744e-02
-5.464823916554450989e-02
-5.975783616304397583e-02
-4.235255345702171326e-02
-2.844137325882911682e-02
5.439151544123888016e-03
-2.917025052011013031e-02
-2.699425630271434784e-02
-3.705957159399986267e-02
2.893809229135513306e-03
1.635182835161685944e-02
4.425708204507827759e-03
-7.398939132690429688e-02
7.451821863651275635e-02
-5.828872323036193848e-02
-1.254862453788518906e-02
-2.372341975569725037e-02
-5.687545239925384521e-02
-7.495650649070739746e-02
-1.186981238424777985e-02
-4.407053813338279724e-02
-1.897998503409326077e-03
-2.727936394512653351e-02
-5.038723722100257874e-02
-2.908752113580703735e-02
9.040474891662597656e-03
-2.151487581431865692e-02
-1.602202467620372772e-02
-8.396628499031066895e-02
-3.330266848206520081e-02
-4.580079391598701477e-02
-2.784160152077674866e-02
8.426814340054988861e-03
-4.849120043218135834e-03
1.431350689381361008e-02
5.462449789047241211e-02
-2.402805490419268608e-03
-4.029060713946819305e-03
1.277217455208301544e-02
-5.234795063734054565e-02
3.503364278003573418e-03
-2.324644476175308228e-02
-7.406424731016159058e-02
-2.832021005451679230e-02
-2.545252442359924316e-02
1.937742531299591064e-02
-4.261920601129531860e-02
-9.005372971296310425e-02
-1.274944096803665161e-02
-3.614660352468490601e-02
5.807441100478172302e-02
6.372079998254776001e-02
-8.378315716981887817e-02
2.803323790431022644e-02
9.927812963724136353e-03
-5.810193717479705811e-02
-3.627193719148635864e-02
5.566804111003875732e-02
6.263431161642074585e-03
2.144869416952133179e-02
5.111093074083328247e-02
-6.734332535415887833e-03
-6.717855576425790787e-03
1.809667982161045074e-02
5.331595987081527710e-02
5.778501555323600769e-02
2.374549023807048798e-02
6.399447470903396606e-02
-7.555299997329711914e-02
2.634813077747821808e-02
6.724525988101959229e-02
-4.901985079050064087e-02
-1.923668384552001953e-02
9.061037749052047729e-02
3.568406030535697937e-02
-5.462059751152992249e-02
-3.870465606451034546e-02
2.417598292231559753e-02
-5.117462016642093658e-03
3.070975840091705322e-02
